1552510771605339
1552477184942031
1552451458277937
1552268924962857
1552253914964358
1552510771605339
1552477184942031
1552451458277937
1552268924962857
1552253914964358
1552510771605339
1552477184942031
1552451458277937
1552268924962857
1552253914964358
1552510771605339
1552477184942031
1552451458277937
1552268924962857
1552253914964358
1552510771605339
1552477184942031
1552451458277937
1552268924962857
1552253914964358
1552510771605339
1552477184942031
1552451458277937
1552268924962857
1552253914964358
1552510771605339
1552477184942031
1552451458277937
1552268924962857
1552253914964358
1552510771605339
1552477184942031
1552451458277937
1552268924962857
1552253914964358
1552510771605339
1552477184942031
1552451458277937
1552268924962857
1552253914964358
1552510771605339
1552477184942031
1552451458277937
1552268924962857
1552253914964358
1552510771605339
1552477184942031
1552451458277937
1552268924962857
1552253914964358
1552510771605339
1552477184942031
1552451458277937
1552268924962857
1552253914964358
1552510771605339
1552477184942031
1552451458277937
1552268924962857
1552253914964358
1552510771605339
1552477184942031
1552451458277937
1552268924962857
1552253914964358
1552510771605339
1552477184942031
1552451458277937
1552268924962857
1552253914964358
1552510771605339
1552477184942031
1552451458277937
1552268924962857
1552253914964358
1552510771605339
1552477184942031
1552451458277937
1552268924962857
1552253914964358
1552510771605339
1552477184942031
1552451458277937
1552268924962857
1552253914964358
1552510771605339
1552477184942031
1552451458277937
1552268924962857
1552253914964358
1552510771605339
1552477184942031
1552451458277937
1552268924962857
1552253914964358